MAX: 66174.0
MIN: 0.0
STDEV: 1815.232673804999
MEDIAN: 299.68
MEAN: 522.2753624271636