MAX: 1646.53
MIN: 0.0
STDEV: 67.34562009985912
MEDIAN: 55.7
MEAN: 69.46592359996944