MAX: 999.71
MIN: 0.0
STDEV: 12.209673949443737
MEDIAN: 0.0
MEAN: 0.7433907861563145