MAX: 22528587.0
MIN: 9511371.0
STDEV: 2382357.183126937
MEDIAN: 21076125.0
MEAN: 20140880.283190645