MAX: 30874.04
MIN: -9850.0
STDEV: 7837.164929555488
MEDIAN: 6137.56
MEAN: 7290.594150943395