MAX: 117.0
MIN: 0.0
STDEV: 6.563319688357014
MEDIAN: 0.0
MEAN: 1.2650011460004584