MAX: 4.0
MIN: 0.0
STDEV: 0.5016141313469554
MEDIAN: 1.0
MEAN: 1.4240968887032783