MAX: 4.0
MIN: 2.0
STDEV: 0.33319725113401716
MEDIAN: 4.0
MEAN: 3.942857142857143