MAX: 11719.04
MIN: 0.0
STDEV: 320.04442288651245
MEDIAN: 313.76
MEAN: 348.58512567805025