MAX: 897.0
MIN: 245.0
STDEV: 76.82695643587317
MEDIAN: 716.0
MEAN: 722.1858997882852