MAX: 3.0
MIN: 1.0
STDEV: 0.24837503714931275
MEDIAN: 2.0
MEAN: 1.9386371545903807