MAX: 3.0
MIN: 1.0
STDEV: 0.2623122114796575
MEDIAN: 2.0
MEAN: 1.9450128767313983