MAX: 0.1919
MIN: 0.0
STDEV: 0.027168450020156627
MEDIAN: 0.054
MEAN: 0.05822583977169904