MAX: 79.0
MIN: 13.0
STDEV: 9.943101731227275
MEDIAN: 73.0
MEAN: 67.45523769750122