MAX: 160184.96
MIN: 3599.0
STDEV: 11262.876382193961
MEDIAN: 21183.0
MEAN: 23251.545080114152