MAX: 0.0
MIN: -3334.72
STDEV: 101.07776555911576
MEDIAN: 0.0
MEAN: -29.3369353854602