MAX: 3342.26
MIN: 0.0
STDEV: 64.53493456739467
MEDIAN: 0.0
MEAN: 10.692978278776046