MAX: 2.0
MIN: 1.0
STDEV: 0.4993989082003747
MEDIAN: 2.0
MEAN: 1.5245098039215685