MAX: 0.3911
MIN: 0.0
STDEV: 0.0414832287105276
MEDIAN: 0.0564
MEAN: 0.06333825154868795