MAX: 71.0
MIN: 0.0
STDEV: 19.518573178695117
MEDIAN: 46.0
MEAN: 40.779158071663225