MAX: 32727.08
MIN: -300.0
STDEV: 319.57869271835006
MEDIAN: 0.0
MEAN: 6.417159919460631