MAX: 144344.27
MIN: 0.0
STDEV: 9310.400944945237
MEDIAN: 12015.06
MEAN: 13535.245011689201