MAX: 146614.44
MIN: 3.0
STDEV: 9292.335141867654
MEDIAN: 12414.31
MEAN: 14070.520346397741