MAX: 0.1919
MIN: 0.0
STDEV: 0.027107258634936685
MEDIAN: 0.0545
MEAN: 0.0586373259989304