MAX: 4293.09
MIN: 0.0
STDEV: 199.5403668387997
MEDIAN: 366.17
MEAN: 409.1758841775537