MAX: 981.96
MIN: 0.0
STDEV: 56.3366076858895
MEDIAN: 60.96
MEAN: 71.96363434945376