MAX: 4224.05
MIN: 0.0
STDEV: 188.60249254866122
MEDIAN: 293.89
MEAN: 337.21224982809997