MAX: 2.0
MIN: 0.0
STDEV: 0.9898912482664308
MEDIAN: 0.0
MEAN: 0.9096819099324842