MAX: 66505.09
MIN: 0.0
STDEV: 1824.0095158832057
MEDIAN: 373.44
MEAN: 593.3864587057835