MAX: 2019.0
MIN: 2001.0
STDEV: 2.5464938693890504
MEDIAN: 2015.0
MEAN: 2014.7261919677037