MAX: 98.0
MIN: 1.0
STDEV: 46.87304519798047
MEDIAN: 1.0
MEAN: 37.46992413169068