MAX: 148446.0
MIN: 3375.0
STDEV: 14287.900743758497
MEDIAN: 23982.0
MEAN: 26533.94778311408