MAX: 2500.0
MIN: 3.0
STDEV: 808.1186602160442
MEDIAN: 1500.0
MEAN: 1351.857191780822