MAX: 3.0
MIN: 1.0
STDEV: 0.8519517476276499
MEDIAN: 2.0
MEAN: 1.974260457994014