MAX: 2.0
MIN: 1.0
STDEV: 0.49505003152483296
MEDIAN: 1.0
MEAN: 1.429818333681353