MAX: 4.0
MIN: 1.0
STDEV: 0.4202421397185828
MEDIAN: 1.0
MEAN: 1.0606866844039022